sbpy/spectroscopy/sun/e490-00a_2014_hires.csv
# %ECSV 0.9
# ---
# datatype:
# - {name: wavelength, unit: um, datatype: float64}
# - {name: spectral irradiance, unit: W / (m2 um), datatype: float64, description: Averaged
#     over a small bandwidth centered at wavelength.}
# meta: !!omap
# - {Source: 'ASTM 2000, Standard Solar Constant and Air Mass Zero Solar Spectral Irradiance
#     Tables, Standard E490-00, American Society for Testing and Materials, West Conshohocken,
#     PA.'}
# - solar constant: !astropy.units.Quantity
#     unit: !astropy.units.Unit {unit: W / m2}
#     value: 1366.1
# schema: astropy-2.0
wavelength "spectral irradiance"
[from data line 1267]
2.142 90.64
2.144 90.06
2.146 89.39
2.148 89.79
2.15 89.57
2.152 89.13
2.154 88.78
2.156 88.74
2.158 88.42
2.16 87.81
2.162 86.86
2.164 84.56
2.166 78.49
2.168 83.0
2.17 85.57
2.172 85.91
2.174 85.92
2.176 85.32
2.178 84.25
2.18 84.97
2.182 84.25
2.184 84.57
2.186 84.65
2.188 82.77
2.19 83.04
2.192 83.77
2.194 83.49
2.196 83.18
2.198 82.99
2.2 82.65
2.202 82.3
2.204 82.11
2.206 79.66
2.208 79.66
2.21 80.8
2.212 81.05
2.214 80.72
2.216 79.94
2.218 79.7
2.22 79.97
2.222 79.62
2.224 79.26
2.226 78.11
2.228 78.26
2.23 78.31
2.232 78.15
2.234 78.02
2.236 77.58
2.238 76.48
2.24 76.39
2.242 76.42
2.244 76.24
2.246 76.12
2.248 75.2
2.25 75.41
2.252 75.12
2.254 74.02
2.256 74.22
2.258 74.41
2.26 74.21
2.262 72.99
2.264 73.29
2.266 73.15
2.268 73.27
2.27 72.97
2.272 72.77
2.274 72.52
2.276 72.39
2.278 72.42
2.28 71.65
2.282 70.07
2.284 71.25
2.286 71.24
2.288 71.27
2.29 71.1
2.292 70.67
2.294 69.2
2.296 69.08
2.298 69.19
2.3 69.53
2.302 69.55
2.304 69.31
2.306 69.23
2.308 69.01
2.31 68.7
2.312 68.67
2.314 68.26
2.316 67.79
2.318 67.45
2.32 67.68
2.322 66.75
2.324 65.36
2.326 65.59
2.328 66.29
2.33 66.16
2.332 65.84
2.334 65.71
2.336 65.36
2.338 64.96
2.34 65.2
2.342 65.39
2.344 65.09
2.346 64.86
2.348 64.72
2.35 64.53
2.352 62.89
2.354 62.39
2.356 62.82
2.358 62.66
2.36 63.08
2.362 63.05
2.364 62.95
2.366 62.84
2.368 62.63
2.37 62.11
2.372 62.07
2.374 60.66
2.376 61.64
2.378 61.92
2.38 61.72
2.382 60.98
2.384 58.85
2.386 59.08
2.388 60.04
2.39 60.29
2.392 60.08
2.394 60.03
2.396 59.96
2.398 59.89
2.4 59.44
2.402 59.65
2.404 59.45
2.406 59.19
2.408 59.15
2.41 59.02
2.412 58.94
2.414 57.34
2.416 55.99
2.418 57.48
2.42 57.7
2.422 57.67
2.424 57.26
2.426 57.17
2.428 57.12
2.43 57.12
2.432 57.02
2.434 56.41
2.436 56.18
2.438 55.99
2.44 56.39
2.442 56.17
2.444 56.03
2.446 54.98
2.448 54.57
2.45 54.62
2.452 54.32
2.454 54.55
2.456 53.7
2.458 53.92
2.46 54.57
2.462 54.42
2.464 54.35
2.466 54.05
2.468 53.9
2.47 52.85
2.472 53.3
2.474 53.13
2.476 53.43
2.478 53.03
2.48 51.77
2.482 51.4
2.484 52.19
2.486 51.6
2.488 51.69
2.49 52.25
2.492 51.98
2.494 51.75
2.496 51.52
2.498 51.54
2.5 51.55
2.52 49.84
2.54 48.14
2.56 46.72
2.58 45.5
2.6 44.57
2.62 43.05
2.64 42.11
2.66 40.79
2.68 39.68
2.7 38.67
2.72 37.63
2.74 36.63
2.76 35.46
2.78 34.68
2.8 33.85
2.82 32.97
2.84 32.09
2.86 31.19
2.88 30.32
2.9 29.69
2.92 28.9
2.94 28.17
2.96 27.5
2.98 26.82
3.0 26.12
3.02 25.47
3.04 24.65
3.06 24.22
3.08 23.64
3.1 23.06
3.12 22.46
3.14 21.98
3.16 21.44
3.18 20.96
3.2 20.48
3.22 20.0
3.24 19.51
3.26 19.07
3.28 18.58
3.3 18.02
3.32 17.68
3.34 17.37
3.36 16.97
3.38 16.59
3.4 16.15
3.42 15.84
3.44 15.54
3.46 15.2
3.48 14.86
3.5 14.56
3.52 14.25
3.54 13.93
3.56 13.62
3.58 13.34
3.6 13.07
3.62 12.81
3.64 12.51
3.66 12.22
3.68 11.93
3.7 11.62
3.72 11.45
3.74 11.08
3.76 10.96
3.78 10.78
3.8 10.57
3.82 10.38
3.84 10.19
3.86 9.983
3.88 9.782
3.9 9.599
3.92 9.427
3.94 9.233
3.96 9.032
3.98 8.857
4.0 8.669
4.02 8.557
4.04 8.385
4.06 8.217
4.08 8.054
4.1 7.894
4.12 7.739
4.14 7.587
4.16 7.439
4.18 7.294
4.2 7.153
4.22 7.015
4.24 6.881
4.26 6.749
4.28 6.621
4.3 6.496
4.32 6.374
4.34 6.254
4.36 6.138
4.38 6.024
4.4 5.913
4.42 5.804
4.44 5.698
4.46 5.594
4.48 5.492
4.5 5.393
4.52 5.296
4.54 5.201
4.56 5.108
4.58 5.018
4.6 4.929
4.62 4.842
4.64 4.757
4.66 4.674
4.68 4.593
4.7 4.514
4.72 4.436
4.74 4.36
4.76 4.285
4.78 4.212
4.8 4.141
4.82 4.071
4.84 4.003
4.86 3.936
4.88 3.87
4.9 3.806
4.92 3.743
4.94 3.681
4.96 3.621
4.98 3.562
5.0 3.504
5.05 3.394
5.1 3.267
5.15 3.146
5.2 3.03
5.25 2.92
5.3 2.815
5.35 2.715
5.4 2.619
5.45 2.527
5.5 2.439
5.55 2.355
5.6 2.275
5.65 2.198
5.7 2.124
5.75 2.054
5.8 1.986
5.85 1.921
5.9 1.859
5.95 1.799
6.0 1.742
6.05 1.687
6.1 1.634
6.15 1.583
6.2 1.534
6.25 1.487
6.3 1.442
6.35 1.399
6.4 1.357
6.45 1.317
6.5 1.278
6.55 1.24
6.6 1.204
6.65 1.17
6.7 1.136
6.75 1.104
6.8 1.073
6.85 1.043
6.9 1.014
6.95 0.9862
7.0 0.9592
7.05 0.9331
7.1 0.908
7.15 0.8836
7.2 0.8601
7.25 0.8374
7.3 0.8154
7.35 0.7942
7.4 0.7736
7.45 0.7537
7.5 0.7344
7.55 0.7158
7.6 0.6977
7.65 0.6802
7.7 0.6633
7.75 0.6469
7.8 0.631
7.85 0.6156
7.9 0.6006
7.95 0.5862
8.0 0.5721
8.05 0.5585
8.1 0.5453
8.15 0.5324
8.2 0.52
8.25 0.5079
8.3 0.4961
8.35 0.4847
8.4 0.4737
8.45 0.4629
8.5 0.4525
8.55 0.4423
8.6 0.4324
8.65 0.4228
8.7 0.4135
8.75 0.4044
8.8 0.3956
8.85 0.387
8.9 0.3787
8.95 0.3706
9.0 0.3627
9.05 0.355
9.1 0.3475
9.15 0.3402
9.2 0.3331
9.25 0.3262
9.3 0.3195
9.35 0.3129
9.4 0.3065
9.45 0.3003
9.5 0.2942
9.55 0.2883
9.6 0.2825
9.65 0.2769
9.7 0.2714
9.75 0.2661
9.8 0.2608
9.85 0.2558
9.9 0.2508
9.95 0.246
10.0 0.2412
11.0 0.1635
12.0 0.1152
13.0 0.08341
14.0 0.06188
15.0 0.04686
16.0 0.03613
17.0 0.0283
18.0 0.02247
19.0 0.01807
20.0 0.0147
25.0 0.006054
30.0 0.002928
35.0 0.001584
40.0 0.0009307
50.0 0.0003826
60.0 0.000185
80.0 5.882e-05
100.0 2.418e-05
120.0 1.169e-05
150.0 4.807e-06
200.0 1.528e-06
250.0 6.275e-07
300.0 2.95e-07
400.0 1.014e-07
1000.0 3.384e-09
